0,9727.0
20,24601.0
26,2.0
28,2.0
32,3.0
33,11.0
34,21.0
40,71471.0
41,9.0
42,5.0
43,2.0
44,2.0
45,20.0
46,23.0
47,4.0
48,12.0
49,1.0
50,13.0
51,9.0
52,36.0
53,208.0
54,267.0
60,701665.0
61,347.0
62,313.0
63,39.0
64,56.0
65,210.0
66,894.0
67,443.0
68,718.0
69,99.0
70,239.0
71,561.0
72,1056.0
73,3745.0
74,3899.0
80,193640.0
81,129.0
82,146.0
83,26.0
84,27.0
85,94.0
86,311.0
87,223.0
88,293.0
89,38.0
90,121.0
91,196.0
92,300.0
93,1098.0
94,1093.0
100,958683.0
101,1097.0
102,1169.0
103,168.0
104,181.0
105,808.0
106,2255.0
107,1688.0
108,2159.0
109,200.0
110,767.0
111,1691.0
112,2763.0
113,5022.0
114,5354.0
120,7814362.0
121,5333.0
122,8870.0
123,1005.0
124,980.0
125,8204.0
126,14718.0
127,15483.0
128,15239.0
129,1835.0
130,9720.0
131,12381.0
132,20754.0
133,22637.0
134,23527.0
140,7194539.0
141,3147.0
142,5409.0
143,966.0
144,326.0
145,8588.0
146,9026.0
147,9929.0
148,10634.0
149,2431.0
150,25708.0
151,14998.0
152,13856.0
153,8949.0
154,15161.0
160,34486.0
161,309.0
162,428.0
163,57.0
164,4.0
165,353.0
166,295.0
167,163.0
168,374.0
169,187.0
170,2812.0
171,938.0
172,412.0
173,33.0
174,33.0
